[[ 4.17786268e-06  7.18307894e-06 -1.50029884e-06  4.56773428e-06
   1.10054001e-06  2.70238428e-06 -8.18819930e-07  4.55741482e-06
  -5.76427768e-06  2.10185661e-06  3.34970953e-07]
 [ 9.07775017e-06 -5.06792374e-06  6.31864814e-06  1.40516444e-06
  -2.04141104e-06  9.59158893e-06 -6.10700356e-06 -4.24273623e-06
   9.78353754e-06 -7.15557549e-06  7.14835696e-07]
 [ 6.64183284e-06  9.88683680e-06  4.97954864e-06  7.11431601e-06
   8.73564814e-06 -6.62692357e-06 -1.73777276e-06  9.13157285e-06
  -3.68378650e-07  7.56858421e-06 -3.48302944e-06]
 [ 8.08255738e-06 -4.40679595e-06  6.47552959e-06 -7.50251488e-06
  -9.25457283e-06 -6.38373567e-07  2.91475951e-06  9.90059396e-06
   7.37120745e-06 -6.84402318e-06  3.48517730e-06]
 [ 6.48860655e-06 -3.47319715e-06  2.75261233e-06 -1.60425506e-06
  -3.03136283e-06 -8.37889097e-06 -1.08934977e-06 -3.86742275e-06
  -4.18459729e-06  1.82826334e-06 -3.89254412e-06]
 [ 4.31240282e-03 -2.13966780e-04  6.21699514e-04  1.54913825e-03
  -1.12293072e-03 -4.11005378e-03  4.45774374e-04  6.13105441e-03
  -7.95824240e-04 -1.37439247e-03  2.28491513e-03]
 [-7.66723887e-04  1.11892007e-04  1.73962490e-06  3.09280837e-03
   1.19444916e-04  1.14794771e-03 -8.43716732e-04  3.04192615e-03
  -6.80856358e-04  4.83522041e-06 -1.57402924e-06]
 [-1.61513117e-05  4.06318881e-04 -4.20016154e-04 -1.03043650e-03
   2.92939447e-04 -7.00796397e-03 -3.92238816e-06  1.33457559e-03
   2.14648540e-03 -2.39982257e-03  1.28967912e-03]
 [-2.26248622e-05 -1.83152486e-03 -3.20251863e-03  1.78711050e-04
   1.38227629e-03 -2.67741613e-05  1.20381746e-03  7.81831833e-03
   1.66243228e-03  4.77108387e-04 -8.19550504e-03]
 [-9.00399065e-04  6.03151331e-03 -1.69655576e-03 -3.45281716e-03
   4.79271499e-03 -2.75059512e-03  1.98510988e-03  3.08318920e-03
   2.08371386e-03  3.77286068e-04  1.45581623e-03]]
