[79559.97542723121, 3623250.2020263905]
3702810.1774536218
[79569.68419044514, 3625793.567085059]
3705363.251275504
----
[0.00000000e+00,-2.54730363e-03,5.92171623e-04,4.93390314e-02,3.81084816e-02,8.13236610e-05,-6.01876916e-05,-1.25158557e-07,3.48409638e-08,4.16149250e-11,-6.73242018e-12]
[58981209.02367084, 65741370.708315015]
124722579.73198585
----
[0.00000000e+00,1.24031745e-01,-6.21194106e+00,-9.47763490e-04,-7.15679024e-03,8.13236610e-05,-6.01876916e-05,-1.25158557e-07,3.48409638e-08,4.16149250e-11,-6.73242018e-12]
[12531217405.863127, 17608692757.118988]
30139910162.982117
----
[7.518049041839361e+17, 1.0310656002511636e+18]
1.7828705044350996e+18
[1.4211843622513873e+26, 1.6774947139157192e+26]
3.098679076167106e+26
[1.943339634902627e+24, 2.7013092622138065e+24]
4.6446488971164334e+24
[6.912724154419942e+27, 9.469385532290474e+27]
1.6382109686710415e+28
[1.882007750692505e+24, 2.781239986245564e+24]
4.663247736938069e+24

for reference of impact
[
[-3.93668517e-05,-2.69407425e-03,-6.21194106e+00,4.93390314e-02,3.81084816e-02,8.13236610e-05,-6.01876916e-05,-1.25158557e-07,3.48409638e-08,4.16149250e-11,-6.73242018e-12]
[0.00000000e+00,1.24031745e-01,-6.21194106e+00,4.93390314e-02,3.81084816e-02,8.13236610e-05,-6.01876916e-05,-1.25158557e-07,3.48409638e-08,4.16149250e-11,-6.73242018e-12]
[0.00000000e+00,-2.54730363e-03,5.92171623e-04,4.93390314e-02,3.81084816e-02,8.13236610e-05,-6.01876916e-05,-1.25158557e-07,3.48409638e-08,4.16149250e-11,-6.73242018e-12]
[0.00000000e+00,1.24031745e-01,-6.21194106e+00,-9.47763490e-04,-7.15679024e-03,8.13236610e-05,-6.01876916e-05,-1.25158557e-07,3.48409638e-08,4.16149250e-11,-6.73242018e-12]
[0.00000000e+00,1.24031745e-01,-6.21194106e+00,4.93390314e-02,3.81084816e-02,8.13236610e-05,-7.78756952e-04,-3.64325545e-03,3.48409638e-08,4.16149250e-11,-6.73242018e-12]
[-1.82917413e-03,6.06193440e-02,-6.21369510e+00,5.33733334e-02,3.78618845e-02,1.08732121e-03,-8.66098824e-03,-9.93148204e-05,1.97767554e-04,-8.63389176e-03,-4.22811442e-04]
[-6.76728863e-03,-4.58227224e-03,-3.10596296e+00,5.23417806e-02,3.81084816e-02,8.13236610e-05,-1.25111986e-03,3.29877494e-03,3.74940368e-03,-2.74350420e-03,-6.73242018e-12]
[-9.78281874e-03,6.67314450e-02,-3.10682323e+00,4.14415483e-02,3.90982065e-02,-3.63578349e-03,-2.68698399e-03,-7.69695969e-03,-7.39159976e-04,-3.76039902e-03,-7.45024135e-03]
[0.00000000e+00,1.25844019e-01,-6.21341815e+00,2.44277770e-02,9.21669908e-03,2.71743511e-04,-2.14382849e-03,1.90019849e-03,-4.56290974e-03,3.52739092e-03,3.47630077e-03]
[1.83599879e-03,6.12297670e-02,-3.10460409e+00,3.20191258e-02,1.40929370e-02,5.58632128e-03,1.38697167e-03,-8.70961063e-03,1.72729409e-04,-3.77865955e-04,5.89777418e-05]
]



[[ 7.00000000e+00  7.00000000e+00  6.21194106e+00 -7.33461650e-04
  -8.41762133e-04  8.13236610e-05 -6.01876916e-05 -1.25158557e-07
   3.48409638e-08  4.16149250e-11 -6.73242018e-12]
 [ 8.66337356e-04  3.62652208e-04  6.21194106e+00 -7.33461650e-04
  -8.41762133e-04  8.13236610e-05 -6.01876916e-05 -1.25158557e-07
   3.48409638e-08  4.16149250e-11 -6.73242018e-12]
 [-2.04501667e-04 -3.63672803e-04  6.21194106e+00 -7.33461650e-04
  -8.41762133e-04  8.13236610e-05 -6.01876916e-05 -1.25158557e-07
   3.48409638e-08  4.16149250e-11 -6.73242018e-12]
 [ 7.00000000e+00  7.00000000e+00  6.21194106e+00 -5.45919679e-04
  -5.65563615e-03  8.13236610e-05 -6.01876916e-05 -1.25158557e-07
   3.48409638e-08  4.16149250e-11 -6.73242018e-12]
 [ 7.00000000e+00  7.00000000e+00  6.21194106e+00  4.89238473e-03
  -6.61614151e-03  8.13236610e-05 -6.01876916e-05 -1.25158557e-07
   3.48409638e-08  4.16149250e-11 -6.73242018e-12]
 [ 3.50055835e+00  3.49811657e+00  6.21826464e+00 -1.28312612e-03
   6.13827678e-05  2.96696145e-04  4.73934567e-03  4.89475453e-03
  -6.23033919e-03  2.37363318e-03 -2.29564963e-03]
 [ 3.49987785e+00  3.50805010e+00  6.21035684e+00 -1.34327865e-03
  -9.39735673e-04 -4.30764287e-03  2.97902884e-03  3.33836091e-03
   3.48409638e-08  4.67608785e-03 -6.73242018e-12]
 [-2.72109567e-03  3.25980653e-04  6.21275106e+00 -9.48633705e-03
  -1.08213664e-02 -2.70979555e-03 -1.33266515e-03 -1.24708675e-03
  -9.23864981e-04  5.82482827e-04 -1.58934290e-03]
 [ 3.50065976e+00  3.49253832e+00  6.21484989e+00 -2.52001167e-03
  -1.30789399e-02  8.48860312e-04 -8.87091956e-03 -4.09468251e-03
   3.56710833e-04 -3.92806427e-03  4.21024482e-03]
 [ 3.49645883e+00  3.50015351e+00  6.21311007e+00  3.04004065e-04
  -3.24869914e-03 -2.45116800e-03 -1.95852663e-03 -1.99061820e-03
   7.79091800e-04  5.73584885e-03  8.42325054e-03]]
[[6604736337.8295965, 9402697088.814484], [6607182308.137929, 9421816010.377949], [6607182600.878327, 9421818046.704197], [8672064611.778427, 12280418260.070652], [9112627064.763227, 12872203757.456955], [2.962432736319737e+27, 4.142454258122181e+27], [5.725635048775687e+24, 7.882066533342964e+24], [1.426421274337845e+27, 1.981207517471499e+27], [9.949744645971004e+27, 1.3899116688696598e+28], [4.048882237113953e+28, 5.564848761807668e+28]]


[[ 7.00000000e+00  7.00000000e+00  6.21194106e+00 -7.33461650e-04
  -8.41762133e-04  8.13236610e-05 -6.01876916e-05 -1.25158557e-07
   3.48409638e-08  4.16149250e-11 -6.73242018e-12]
 [ 7.00000000e+00  7.00000000e+00  6.21194106e+00 -5.45919679e-04
  -5.65563615e-03  8.13236610e-05 -6.01876916e-05 -1.25158557e-07
   3.48409638e-08  4.16149250e-11 -6.73242018e-12]
 [ 7.00000000e+00  7.00000000e+00  6.21194106e+00  4.89238473e-03
  -6.61614151e-03  8.13236610e-05 -6.01876916e-05 -1.25158557e-07
   3.48409638e-08  4.16149250e-11 -6.73242018e-12]
 [ 7.00000000e+00  7.00000000e+00  6.21194106e+00 -9.47763490e-04
  -7.15679024e-03  8.13236610e-05 -6.01876916e-05 -1.25158557e-07
   3.48409638e-08  4.16149250e-11 -6.73242018e-12]
 [ 7.00000000e+00  7.00000000e+00  1.63578907e-03  5.50781091e-03
  -7.15679024e-03  8.13236610e-05 -6.01876916e-05 -1.25158557e-07
   3.48409638e-08  4.16149250e-11 -6.73242018e-12]
 [ 6.99809353e+00  7.00266848e+00  6.20478278e+00 -2.64577433e-03
  -2.38714193e-03  1.84735243e-03 -2.92776304e-03  1.19640512e-03
   2.61715059e-03 -8.37094059e-04  2.50387869e-03]
 [ 6.99754195e+00  7.00002359e+00  6.21466741e+00  4.60008204e-03
  -7.07992820e-03  2.01324899e-04  8.20593868e-03 -8.55766716e-05
  -3.98277833e-03  4.15660376e-05 -7.02330099e-05]
 [ 6.99952038e+00  7.00008714e+00  6.21194106e+00  3.39298298e-03
  -5.59764821e-03  2.78213214e-03 -1.18445471e-03 -1.09273563e-03
   2.89543421e-03  5.62441330e-03  6.37500653e-03]
 [ 7.00186452e+00  6.99470328e+00  6.21299486e+00  6.81249577e-04
  -3.36722856e-03 -5.77785488e-04 -9.85996797e-04  5.72418407e-04
  -2.47377072e-03 -3.14421804e-04 -3.21238083e-04]
 [ 7.00387341e+00  6.99473024e+00  6.21297694e+00  1.97061353e-03
  -9.55660713e-04  6.35097804e-03 -3.44354009e-04  4.54294918e-03
  -8.04192587e-03  5.61764281e-03 -7.53771199e-03]]
[[6604736337.8295965, 9402697088.814484], [8672064611.778427, 12280418260.070652], [9112627064.763227, 12872203757.456955], [9374888057.566751, 13258851152.862309], [10884065347.017735, 15303039263.520864], [3.5429503928738537e+27, 4.919322985561908e+27], [2.925483516806205e+24, 4.0707062346449623e+24], [2.3250944665665306e+28, 3.1892402383194263e+28], [5.9495018677744485e+25, 8.152967949764842e+25], [3.1978581950433414e+28, 4.458655222381632e+28]]
[[ 7.00000000e+00  7.00000000e+00  6.21194106e+00 -7.33461650e-04
  -8.41762133e-04  8.13236610e-05 -6.01876916e-05 -4.69324560e-08
   3.48409638e-08  4.16149250e-11 -6.73242018e-12]
 [ 7.00000000e+00  7.00000000e+00  6.21194106e+00 -7.33461650e-04
  -8.41762133e-04  8.13236610e-05 -6.01876916e-05 -4.69312450e-08
   3.48409638e-08  4.16149250e-11 -6.73242018e-12]
 [ 7.00000000e+00  7.00000000e+00  6.21194106e+00 -7.33461650e-04
  -8.41762133e-04  8.13236610e-05 -6.01876916e-05 -4.69300339e-08
   3.48409638e-08  4.16149250e-11 -6.73242018e-12]
 [ 7.00000000e+00  7.00000000e+00  6.21194106e+00 -7.33461650e-04
  -8.41762133e-04  8.13236610e-05 -6.01876916e-05 -5.47490109e-08
   3.48409638e-08  4.16149250e-11 -6.73242018e-12]
 [ 7.00000000e+00  7.00000000e+00  6.21194106e+00 -7.33461650e-04
  -8.41762133e-04  8.13236610e-05 -6.01876916e-05 -5.47502219e-08
   3.48409638e-08  4.16149250e-11 -6.73242018e-12]
 [ 7.00000000e+00  7.00000000e+00  6.21194106e+00 -7.33461650e-04
  -8.41762133e-04  8.13236610e-05 -6.01876916e-05 -4.69318505e-08
   3.48409638e-08  4.16149250e-11 -6.73242018e-12]
 [ 7.00000000e+00  7.00000000e+00  6.21194106e+00 -7.33461650e-04
  -8.41762133e-04  8.13236610e-05 -6.01876916e-05 -4.69312450e-08
   3.48409638e-08  4.16149250e-11 -6.73242018e-12]
 [ 7.00000000e+00  7.00000000e+00  6.21194106e+00 -7.33461650e-04
  -8.41762133e-04  8.13236610e-05 -6.01876916e-05 -4.69306395e-08
   3.48409638e-08  4.16149250e-11 -6.73242018e-12]
 [ 7.00000000e+00  7.00000000e+00  6.21194106e+00 -7.33461650e-04
  -8.41762133e-04  8.13236610e-05 -6.01876916e-05 -5.08401279e-08
   3.48409638e-08  4.16149250e-11 -6.73242018e-12]
 [ 7.00000000e+00  7.00000000e+00  6.21194106e+00 -7.33461650e-04
  -8.41762133e-04  8.13236610e-05 -6.01876916e-05 -5.08395224e-08
   3.48409638e-08  4.16149250e-11 -6.73242018e-12]]
[[6393104991.65321, 8874062635.184942], [6393107073.357738, 8874061799.779572], [6393109155.228165, 8874060964.601727], [6383125037.456584, 8884194671.840292], [6383124026.684671, 8884196976.036968], [6393106032.484736, 8874062217.453815], [6393107073.357738, 8874061799.779572], [6393108114.272214, 8874061382.162209], [6387251900.532271, 8877943041.571606], [6387252673.713594, 8877942256.756418]]


first time most errors below 1e16
[-3.20933844e-01  3.82517536e-02 -9.11813202e-03  4.63728869e+00
  3.67762897e-02  2.02132630e-13  3.79711163e-10  3.54722777e-10
 -7.33689966e-13 -5.43564170e-12  1.06419288e-14]
190357205028.10583
[-1.47316978e+00  4.13832584e-02 -9.11813202e-03  4.63728869e+00
  3.67762897e-02  2.02132630e-13  3.79711163e-10  3.54722777e-10
 -9.81353632e-11 -2.69190696e-12  1.06419288e-14]
191337172640.143
[-3.20933844e-01  3.82517536e-02 -9.11813202e-03  4.67245799e+00
  3.67878280e-02  7.58794459e-12 -2.98728673e-10  3.54722777e-10
 -7.33689966e-13 -5.43564170e-12  1.06419288e-14]
192835613263.91028
[-9.61682177e-02  3.71170630e-02 -9.11813202e-03  4.61108176e+00
  3.67762897e-02  5.91412032e-08 -1.26174808e-12  3.54722777e-10
 -5.22031910e-08  4.27834487e-13  1.06419288e-14]
603767579660.8086
[-9.61682177e-02  3.71170630e-02 -9.11813202e-03  4.63728869e+00
  3.67762897e-02  2.02132630e-13  3.79711163e-10  3.54722777e-10
 -5.22031910e-08  4.27834487e-13  1.06419288e-14]
604852692170.3668
[-9.02820584e-01  3.93008466e-02 -7.30205573e-03  4.63728342e+00
  3.67800803e-02 -8.26211054e-06 -8.62282647e-07 -2.32127838e-09
  6.83675106e-08 -1.77905268e-08 -5.73661043e-08]
4.4448134077097124e+18
[-3.17932799e-01  3.58683818e-02 -9.65555626e-03  4.65487625e+00
  3.67875865e-02 -7.72807384e-06 -2.47268431e-07  2.75546926e-08
 -1.95936462e-09 -6.81889291e-08 -4.12680904e-08]
2.3193285720491095e+18
[-8.96601203e-01  3.96089466e-02 -9.11813202e-03  4.65487463e+00
  3.67820588e-02 -2.76711284e-06 -3.77087983e-07 -1.35852851e-08
  6.19174737e-08  3.19046207e-08  5.56145413e-08]
4.19339606383807e+18
[-7.85757064e-01  4.00882382e-02 -1.03827594e-02  4.62418088e+00
  3.67776709e-02  2.95707026e-08  1.78284834e-06 -2.05292398e-09
 -4.07608563e-08 -4.92759271e-08  6.19369569e-09]
5.12188027414596e+16
[-2.08245546e-01  3.63096407e-02 -9.43163211e-03  4.64177100e+00
  3.67828158e-02  8.25133945e-06 -7.19738536e-06  1.66377159e-08
  4.46334788e-08  2.86812990e-08 -2.38962138e-08]
7.659273266982892e+17
[-3.20933844e-01  3.82517536e-02 -3.23602882e+00  4.63733732e+00
  3.67762897e-02  2.02132630e-13  3.79711163e-10 -3.68171515e-12
 -2.30651866e-12 -5.43564170e-12  1.06419288e-14]
187487221437.60535
[-1.47331372e+00  4.17640534e-02 -9.11813202e-03  4.63728869e+00
  3.67762897e-02  2.02132630e-13  3.79711163e-10 -3.82220527e-08
  2.21190870e-04 -2.69190696e-12  1.06419288e-14]
1.4087330896822247e+19
[-3.20933844e-01  3.82517536e-02 -9.11813202e-03  5.49913319e+00
 -1.16808405e-02  7.58794459e-12 -2.98728673e-10 -3.17125125e-08
 -2.21870570e-04 -5.43564170e-12  1.06419288e-14]
1.417214721291216e+19
[-9.61682177e-02  4.53343614e-02 -8.75187613e-03  4.61108176e+00
  3.67762897e-02  5.91412032e-08 -1.26174808e-12  3.54722777e-10
 -4.20899998e-12  0.00000000e+00  1.06419288e-14]
191824957071.47272
[-9.61082028e-02  3.71802127e-02 -9.11813202e-03  4.63728869e+00
  3.67762897e-02  1.87576156e-13  3.72054987e-13  3.54722777e-10
 -5.22031910e-08  4.27834487e-13  1.06419288e-14]
604856666417.4794