[[ 7.00000000e+00  7.00000000e+00  6.21194106e+00 -9.47763490e-04
  -7.15679024e-03  8.13236610e-05 -6.01876916e-05 -1.25158557e-07
   3.48409638e-08  4.16149250e-11 -6.73242018e-12]
 [ 7.00000000e+00  7.00000000e+00 -1.83891884e-03  1.83643104e-05
  -7.15679024e-03  8.13236610e-05 -6.01876916e-05 -1.25158557e-07
   3.48409638e-08  4.16149250e-11 -6.73242018e-12]
 [ 7.00000000e+00 -1.66670020e-03  3.93608729e-04 -9.47763490e-04
  -7.15679024e-03  8.13236610e-05 -6.01876916e-05 -1.25158557e-07
   3.48409638e-08  4.16149250e-11 -6.73242018e-12]
 [ 7.00000000e+00  7.00000000e+00  6.21194106e+00 -9.47763490e-04
  -8.10086682e-03 -4.04407914e-04 -6.01876916e-05 -1.25158557e-07
   3.48409638e-08  4.16149250e-11 -6.73242018e-12]
 [ 7.00000000e+00  7.00000000e+00  6.21194106e+00 -9.47763490e-04
   3.18948711e-03  2.36048698e-03 -6.01876916e-05 -1.25158557e-07
   3.48409638e-08  4.16149250e-11 -6.73242018e-12]
 [ 7.00214218e+00  6.99754627e+00  3.10323261e+00  5.61878389e-04
  -7.27382736e-03 -2.75923823e-03  4.02441524e-03  4.25134311e-03
  -1.35266832e-03 -7.46716254e-04 -4.81448662e-03]
 [ 6.99928067e+00  3.49880455e+00  3.11024567e+00  9.15097815e-04
  -7.14661544e-03 -6.33264619e-03  4.03043132e-03 -3.80655290e-03
   3.48409638e-08 -6.88754003e-04 -6.73242018e-12]
 [ 7.00000000e+00  3.49561220e+00 -5.20308967e-03  3.87297955e-03
  -5.32913583e-03 -3.88968499e-03 -1.89829481e-03  6.67236484e-03
   3.57483012e-03 -8.80093396e-05  1.15381967e-03]
 [ 7.00185369e+00  6.99777325e+00  3.10618633e+00 -2.48709037e-03
  -6.84712311e-03  1.68679733e-03 -1.76528720e-03 -2.18030329e-03
   1.69145337e-04 -2.23105681e-03 -1.25437882e-03]
 [ 6.99964467e+00  3.50108392e+00  3.09677666e+00  5.94069825e-03
  -6.59708946e-03 -2.71326455e-03 -4.57997538e-03 -4.11171617e-04
   7.81069210e-03 -5.97426735e-04  1.50357346e-03]]
[22633739210.42906, 26226773425.577423, 26256881933.79531, 36889953975.82169, 146300605128.82513, 3.1332354059818188e+28, 2.965332729693458e+23, 1.8023797950304968e+27, 2.1447262811641527e+27, 3.062337220599231e+27]
