(0,0,0):-1=[0.0]
(0,0,1):-1=[0.0]
(0,0,2):-1=[0.0]
(0,1,0):-1=[0.0]
(0,1,1):-1=[0.0]
(0,1,2):-1=[0.0]
(0,2,0):-1=[0.0]
(0,2,1):-1=[0.0]
(0,2,2):-1=[0.0]
(0,3,0):-1=[0.0]
(0,3,1):-1=[0.0]
(0,3,2):-1=[0.0]
(1,0,0):RECHARGE=[0.0]
(1,0,1):RECHARGE=[0.0]
(1,0,2):RECHARGE=[0.0]
(1,1,0):RECHARGE=[0.0]
(1,1,1):SHOOT=[0.0]
(1,1,2):SHOOT=[0.0]
(1,2,0):RECHARGE=[0.0]
(1,2,1):SHOOT=[0.0]
(1,2,2):SHOOT=[0.0]
(1,3,0):RECHARGE=[0.0]
(1,3,1):SHOOT=[0.0]
(1,3,2):SHOOT=[0.0]
(2,0,0):RECHARGE=[0.0]
(2,0,1):RECHARGE=[0.0]
(2,0,2):RECHARGE=[0.0]
(2,1,0):RECHARGE=[0.0]
(2,1,1):SHOOT=[0.0]
(2,1,2):SHOOT=[0.0]
(2,2,0):RECHARGE=[0.0]
(2,2,1):SHOOT=[0.0]
(2,2,2):SHOOT=[0.0]
(2,3,0):RECHARGE=[0.0]
(2,3,1):SHOOT=[0.0]
(2,3,2):SHOOT=[0.0]
(3,0,0):RECHARGE=[0.0]
(3,0,1):RECHARGE=[0.0]
(3,0,2):RECHARGE=[0.0]
(3,1,0):RECHARGE=[0.0]
(3,1,1):SHOOT=[0.0]
(3,1,2):SHOOT=[0.0]
(3,2,0):RECHARGE=[0.0]
(3,2,1):SHOOT=[0.0]
(3,2,2):SHOOT=[0.0]
(3,3,0):RECHARGE=[0.0]
(3,3,1):SHOOT=[0.0]
(3,3,2):SHOOT=[0.0]
(4,0,0):RECHARGE=[0.0]
(4,0,1):RECHARGE=[0.0]
(4,0,2):RECHARGE=[0.0]
(4,1,0):RECHARGE=[0.0]
(4,1,1):SHOOT=[0.0]
(4,1,2):SHOOT=[0.0]
(4,2,0):RECHARGE=[0.0]
(4,2,1):SHOOT=[0.0]
(4,2,2):SHOOT=[0.0]
(4,3,0):RECHARGE=[0.0]
(4,3,1):SHOOT=[0.0]
(4,3,2):SHOOT=[0.0]
iteration=1
(0,0,0):-1=[0.0]
(0,0,1):-1=[0.0]
(0,0,2):-1=[0.0]
(0,1,0):-1=[0.0]
(0,1,1):-1=[0.0]
(0,1,2):-1=[0.0]
(0,2,0):-1=[0.0]
(0,2,1):-1=[0.0]
(0,2,2):-1=[0.0]
(0,3,0):-1=[0.0]
(0,3,1):-1=[0.0]
(0,3,2):-1=[0.0]
(1,0,0):RECHARGE=[-2.5]
(1,0,1):RECHARGE=[-2.5]
(1,0,2):DODGE=[-2.5]
(1,1,0):RECHARGE=[-2.5]
(1,1,1):SHOOT=[-1.995]
(1,1,2):SHOOT=[-1.995]
(1,2,0):RECHARGE=[-2.5]
(1,2,1):SHOOT=[-1.995]
(1,2,2):SHOOT=[-1.995]
(1,3,0):RECHARGE=[-2.5]
(1,3,1):SHOOT=[-1.995]
(1,3,2):SHOOT=[-1.995]
(2,0,0):RECHARGE=[-2.5]
(2,0,1):RECHARGE=[-2.5]
(2,0,2):RECHARGE=[-2.5]
(2,1,0):RECHARGE=[-2.5]
(2,1,1):SHOOT=[-2.5]
(2,1,2):SHOOT=[-2.5]
(2,2,0):RECHARGE=[-2.5]
(2,2,1):SHOOT=[-2.5]
(2,2,2):SHOOT=[-2.5]
(2,3,0):RECHARGE=[-2.5]
(2,3,1):SHOOT=[-2.5]
(2,3,2):SHOOT=[-2.5]
(3,0,0):RECHARGE=[-2.5]
(3,0,1):RECHARGE=[-2.5]
(3,0,2):RECHARGE=[-2.5]
(3,1,0):RECHARGE=[-2.5]
(3,1,1):SHOOT=[-2.5]
(3,1,2):SHOOT=[-2.5]
(3,2,0):RECHARGE=[-2.5]
(3,2,1):SHOOT=[-2.5]
(3,2,2):SHOOT=[-2.5]
(3,3,0):RECHARGE=[-2.5]
(3,3,1):SHOOT=[-2.5]
(3,3,2):SHOOT=[-2.5]
(4,0,0):RECHARGE=[-2.5]
(4,0,1):RECHARGE=[-2.5]
(4,0,2):RECHARGE=[-2.5]
(4,1,0):RECHARGE=[-2.5]
(4,1,1):SHOOT=[-2.5]
(4,1,2):SHOOT=[-2.5]
(4,2,0):RECHARGE=[-2.5]
(4,2,1):SHOOT=[-2.5]
(4,2,2):SHOOT=[-2.5]
(4,3,0):RECHARGE=[-2.5]
(4,3,1):SHOOT=[-2.5]
(4,3,2):SHOOT=[-2.5]
iteration=2
(0,0,0):-1=[0.0]
(0,0,1):-1=[0.0]
(0,0,2):-1=[0.0]
(0,1,0):-1=[0.0]
(0,1,1):-1=[0.0]
(0,1,2):-1=[0.0]
(0,2,0):-1=[0.0]
(0,2,1):-1=[0.0]
(0,2,2):-1=[0.0]
(0,3,0):-1=[0.0]
(0,3,1):-1=[0.0]
(0,3,2):-1=[0.0]
(1,0,0):RECHARGE=[-2.75]
(1,0,1):DODGE=[-2.75]
(1,0,2):DODGE=[-2.718]
(1,1,0):RECHARGE=[-2.71]
(1,1,1):SHOOT=[-2.12]
(1,1,2):SHOOT=[-2.12]
(1,2,0):RECHARGE=[-2.71]
(1,2,1):SHOOT=[-2.12]
(1,2,2):SHOOT=[-2.095]
(1,3,0):RECHARGE=[-2.71]
(1,3,1):SHOOT=[-2.12]
(1,3,2):SHOOT=[-2.095]
(2,0,0):RECHARGE=[-2.75]
(2,0,1):RECHARGE=[-2.75]
(2,0,2):RECHARGE=[-2.75]
(2,1,0):RECHARGE=[-2.75]
(2,1,1):SHOOT=[-2.75]
(2,1,2):SHOOT=[-2.75]
(2,2,0):RECHARGE=[-2.75]
(2,2,1):SHOOT=[-2.75]
(2,2,2):SHOOT=[-2.725]
(2,3,0):RECHARGE=[-2.75]
(2,3,1):SHOOT=[-2.75]
(2,3,2):SHOOT=[-2.725]
(3,0,0):RECHARGE=[-2.75]
(3,0,1):RECHARGE=[-2.75]
(3,0,2):RECHARGE=[-2.75]
(3,1,0):RECHARGE=[-2.75]
(3,1,1):SHOOT=[-2.75]
(3,1,2):SHOOT=[-2.75]
(3,2,0):RECHARGE=[-2.75]
(3,2,1):SHOOT=[-2.75]
(3,2,2):SHOOT=[-2.75]
(3,3,0):RECHARGE=[-2.75]
(3,3,1):SHOOT=[-2.75]
(3,3,2):SHOOT=[-2.75]
(4,0,0):RECHARGE=[-2.75]
(4,0,1):RECHARGE=[-2.75]
(4,0,2):RECHARGE=[-2.75]
(4,1,0):RECHARGE=[-2.75]
(4,1,1):SHOOT=[-2.75]
(4,1,2):SHOOT=[-2.75]
(4,2,0):RECHARGE=[-2.75]
(4,2,1):SHOOT=[-2.75]
(4,2,2):SHOOT=[-2.75]
(4,3,0):RECHARGE=[-2.75]
(4,3,1):SHOOT=[-2.75]
(4,3,2):SHOOT=[-2.75]
iteration=3
(0,0,0):-1=[0.0]
(0,0,1):-1=[0.0]
(0,0,2):-1=[0.0]
(0,1,0):-1=[0.0]
(0,1,1):-1=[0.0]
(0,1,2):-1=[0.0]
(0,2,0):-1=[0.0]
(0,2,1):-1=[0.0]
(0,2,2):-1=[0.0]
(0,3,0):-1=[0.0]
(0,3,1):-1=[0.0]
(0,3,2):-1=[0.0]
(1,0,0):RECHARGE=[-2.775]
(1,0,1):DODGE=[-2.772]
(1,0,2):DODGE=[-2.734]
(1,1,0):RECHARGE=[-2.724]
(1,1,1):SHOOT=[-2.132]
(1,1,2):SHOOT=[-2.132]
(1,2,0):RECHARGE=[-2.724]
(1,2,1):SHOOT=[-2.13]
(1,2,2):SHOOT=[-2.101]
(1,3,0):RECHARGE=[-2.724]
(1,3,1):SHOOT=[-2.13]
(1,3,2):SHOOT=[-2.101]
(2,0,0):RECHARGE=[-2.775]
(2,0,1):RECHARGE=[-2.775]
(2,0,2):RECHARGE=[-2.775]
(2,1,0):RECHARGE=[-2.775]
(2,1,1):SHOOT=[-2.775]
(2,1,2):SHOOT=[-2.775]
(2,2,0):RECHARGE=[-2.775]
(2,2,1):SHOOT=[-2.773]
(2,2,2):SHOOT=[-2.743]
(2,3,0):RECHARGE=[-2.775]
(2,3,1):SHOOT=[-2.773]
(2,3,2):SHOOT=[-2.743]
(3,0,0):RECHARGE=[-2.775]
(3,0,1):RECHARGE=[-2.775]
(3,0,2):RECHARGE=[-2.775]
(3,1,0):RECHARGE=[-2.775]
(3,1,1):SHOOT=[-2.775]
(3,1,2):SHOOT=[-2.775]
(3,2,0):RECHARGE=[-2.775]
(3,2,1):SHOOT=[-2.775]
(3,2,2):SHOOT=[-2.775]
(3,3,0):RECHARGE=[-2.775]
(3,3,1):SHOOT=[-2.775]
(3,3,2):SHOOT=[-2.775]
(4,0,0):RECHARGE=[-2.775]
(4,0,1):RECHARGE=[-2.775]
(4,0,2):RECHARGE=[-2.775]
(4,1,0):RECHARGE=[-2.775]
(4,1,1):SHOOT=[-2.775]
(4,1,2):SHOOT=[-2.775]
(4,2,0):RECHARGE=[-2.775]
(4,2,1):SHOOT=[-2.775]
(4,2,2):SHOOT=[-2.775]
(4,3,0):RECHARGE=[-2.775]
(4,3,1):SHOOT=[-2.775]
(4,3,2):SHOOT=[-2.775]
iteration=4
(0,0,0):-1=[0.0]
(0,0,1):-1=[0.0]
(0,0,2):-1=[0.0]
(0,1,0):-1=[0.0]
(0,1,1):-1=[0.0]
(0,1,2):-1=[0.0]
(0,2,0):-1=[0.0]
(0,2,1):-1=[0.0]
(0,2,2):-1=[0.0]
(0,3,0):-1=[0.0]
(0,3,1):-1=[0.0]
(0,3,2):-1=[0.0]
(1,0,0):RECHARGE=[-2.777]
(1,0,1):DODGE=[-2.773]
(1,0,2):DODGE=[-2.736]
(1,1,0):RECHARGE=[-2.725]
(1,1,1):SHOOT=[-2.134]
(1,1,2):SHOOT=[-2.134]
(1,2,0):RECHARGE=[-2.725]
(1,2,1):SHOOT=[-2.131]
(1,2,2):SHOOT=[-2.102]
(1,3,0):RECHARGE=[-2.725]
(1,3,1):SHOOT=[-2.131]
(1,3,2):SHOOT=[-2.101]
(2,0,0):RECHARGE=[-2.777]
(2,0,1):RECHARGE=[-2.777]
(2,0,2):RECHARGE=[-2.777]
(2,1,0):RECHARGE=[-2.777]
(2,1,1):SHOOT=[-2.777]
(2,1,2):SHOOT=[-2.777]
(2,2,0):RECHARGE=[-2.777]
(2,2,1):SHOOT=[-2.775]
(2,2,2):SHOOT=[-2.745]
(2,3,0):RECHARGE=[-2.777]
(2,3,1):SHOOT=[-2.775]
(2,3,2):SHOOT=[-2.745]
(3,0,0):RECHARGE=[-2.777]
(3,0,1):RECHARGE=[-2.777]
(3,0,2):RECHARGE=[-2.777]
(3,1,0):RECHARGE=[-2.777]
(3,1,1):SHOOT=[-2.777]
(3,1,2):SHOOT=[-2.777]
(3,2,0):RECHARGE=[-2.777]
(3,2,1):SHOOT=[-2.777]
(3,2,2):SHOOT=[-2.777]
(3,3,0):RECHARGE=[-2.777]
(3,3,1):SHOOT=[-2.777]
(3,3,2):SHOOT=[-2.777]
(4,0,0):RECHARGE=[-2.777]
(4,0,1):RECHARGE=[-2.777]
(4,0,2):RECHARGE=[-2.777]
(4,1,0):RECHARGE=[-2.777]
(4,1,1):SHOOT=[-2.777]
(4,1,2):SHOOT=[-2.777]
(4,2,0):RECHARGE=[-2.777]
(4,2,1):SHOOT=[-2.777]
(4,2,2):SHOOT=[-2.777]
(4,3,0):RECHARGE=[-2.777]
(4,3,1):SHOOT=[-2.777]
(4,3,2):SHOOT=[-2.777]
iteration=5
(0,0,0):-1=[0.0]
(0,0,1):-1=[0.0]
(0,0,2):-1=[0.0]
(0,1,0):-1=[0.0]
(0,1,1):-1=[0.0]
(0,1,2):-1=[0.0]
(0,2,0):-1=[0.0]
(0,2,1):-1=[0.0]
(0,2,2):-1=[0.0]
(0,3,0):-1=[0.0]
(0,3,1):-1=[0.0]
(0,3,2):-1=[0.0]
(1,0,0):RECHARGE=[-2.777]
(1,0,1):DODGE=[-2.774]
(1,0,2):DODGE=[-2.736]
(1,1,0):RECHARGE=[-2.725]
(1,1,1):SHOOT=[-2.134]
(1,1,2):SHOOT=[-2.134]
(1,2,0):RECHARGE=[-2.725]
(1,2,1):SHOOT=[-2.131]
(1,2,2):SHOOT=[-2.102]
(1,3,0):RECHARGE=[-2.725]
(1,3,1):SHOOT=[-2.131]
(1,3,2):SHOOT=[-2.102]
(2,0,0):RECHARGE=[-2.778]
(2,0,1):RECHARGE=[-2.778]
(2,0,2):DODGE=[-2.778]
(2,1,0):RECHARGE=[-2.778]
(2,1,1):SHOOT=[-2.778]
(2,1,2):SHOOT=[-2.778]
(2,2,0):RECHARGE=[-2.778]
(2,2,1):SHOOT=[-2.775]
(2,2,2):SHOOT=[-2.746]
(2,3,0):RECHARGE=[-2.778]
(2,3,1):SHOOT=[-2.775]
(2,3,2):SHOOT=[-2.745]
(3,0,0):RECHARGE=[-2.778]
(3,0,1):RECHARGE=[-2.778]
(3,0,2):RECHARGE=[-2.778]
(3,1,0):RECHARGE=[-2.778]
(3,1,1):SHOOT=[-2.778]
(3,1,2):SHOOT=[-2.778]
(3,2,0):RECHARGE=[-2.778]
(3,2,1):SHOOT=[-2.778]
(3,2,2):SHOOT=[-2.778]
(3,3,0):RECHARGE=[-2.778]
(3,3,1):SHOOT=[-2.778]
(3,3,2):SHOOT=[-2.778]
(4,0,0):RECHARGE=[-2.778]
(4,0,1):RECHARGE=[-2.778]
(4,0,2):RECHARGE=[-2.778]
(4,1,0):RECHARGE=[-2.778]
(4,1,1):SHOOT=[-2.778]
(4,1,2):SHOOT=[-2.778]
(4,2,0):RECHARGE=[-2.778]
(4,2,1):SHOOT=[-2.778]
(4,2,2):SHOOT=[-2.778]
(4,3,0):RECHARGE=[-2.778]
(4,3,1):SHOOT=[-2.778]
(4,3,2):SHOOT=[-2.778]
iteration=6
(0,0,0):-1=[0.0]
(0,0,1):-1=[0.0]
(0,0,2):-1=[0.0]
(0,1,0):-1=[0.0]
(0,1,1):-1=[0.0]
(0,1,2):-1=[0.0]
(0,2,0):-1=[0.0]
(0,2,1):-1=[0.0]
(0,2,2):-1=[0.0]
(0,3,0):-1=[0.0]
(0,3,1):-1=[0.0]
(0,3,2):-1=[0.0]
(1,0,0):RECHARGE=[-2.777]
(1,0,1):DODGE=[-2.774]
(1,0,2):DODGE=[-2.736]
(1,1,0):RECHARGE=[-2.725]
(1,1,1):SHOOT=[-2.134]
(1,1,2):SHOOT=[-2.134]
(1,2,0):RECHARGE=[-2.725]
(1,2,1):SHOOT=[-2.131]
(1,2,2):SHOOT=[-2.102]
(1,3,0):RECHARGE=[-2.725]
(1,3,1):SHOOT=[-2.131]
(1,3,2):SHOOT=[-2.102]
(2,0,0):RECHARGE=[-2.778]
(2,0,1):DODGE=[-2.778]
(2,0,2):DODGE=[-2.778]
(2,1,0):RECHARGE=[-2.778]
(2,1,1):SHOOT=[-2.778]
(2,1,2):SHOOT=[-2.778]
(2,2,0):RECHARGE=[-2.778]
(2,2,1):SHOOT=[-2.775]
(2,2,2):SHOOT=[-2.746]
(2,3,0):RECHARGE=[-2.778]
(2,3,1):SHOOT=[-2.775]
(2,3,2):SHOOT=[-2.745]
(3,0,0):RECHARGE=[-2.778]
(3,0,1):RECHARGE=[-2.778]
(3,0,2):RECHARGE=[-2.778]
(3,1,0):RECHARGE=[-2.778]
(3,1,1):SHOOT=[-2.778]
(3,1,2):SHOOT=[-2.778]
(3,2,0):RECHARGE=[-2.778]
(3,2,1):SHOOT=[-2.778]
(3,2,2):SHOOT=[-2.778]
(3,3,0):RECHARGE=[-2.778]
(3,3,1):SHOOT=[-2.778]
(3,3,2):SHOOT=[-2.778]
(4,0,0):RECHARGE=[-2.778]
(4,0,1):RECHARGE=[-2.778]
(4,0,2):RECHARGE=[-2.778]
(4,1,0):RECHARGE=[-2.778]
(4,1,1):SHOOT=[-2.778]
(4,1,2):SHOOT=[-2.778]
(4,2,0):RECHARGE=[-2.778]
(4,2,1):SHOOT=[-2.778]
(4,2,2):SHOOT=[-2.778]
(4,3,0):RECHARGE=[-2.778]
(4,3,1):SHOOT=[-2.778]
(4,3,2):SHOOT=[-2.778]
iteration=7
(0,0,0):-1=[0.0]
(0,0,1):-1=[0.0]
(0,0,2):-1=[0.0]
(0,1,0):-1=[0.0]
(0,1,1):-1=[0.0]
(0,1,2):-1=[0.0]
(0,2,0):-1=[0.0]
(0,2,1):-1=[0.0]
(0,2,2):-1=[0.0]
(0,3,0):-1=[0.0]
(0,3,1):-1=[0.0]
(0,3,2):-1=[0.0]
(1,0,0):RECHARGE=[-2.777]
(1,0,1):DODGE=[-2.774]
(1,0,2):DODGE=[-2.736]
(1,1,0):RECHARGE=[-2.725]
(1,1,1):SHOOT=[-2.134]
(1,1,2):SHOOT=[-2.134]
(1,2,0):RECHARGE=[-2.725]
(1,2,1):SHOOT=[-2.131]
(1,2,2):SHOOT=[-2.102]
(1,3,0):RECHARGE=[-2.725]
(1,3,1):SHOOT=[-2.131]
(1,3,2):SHOOT=[-2.102]
(2,0,0):RECHARGE=[-2.778]
(2,0,1):DODGE=[-2.778]
(2,0,2):DODGE=[-2.778]
(2,1,0):RECHARGE=[-2.778]
(2,1,1):SHOOT=[-2.778]
(2,1,2):SHOOT=[-2.778]
(2,2,0):RECHARGE=[-2.778]
(2,2,1):SHOOT=[-2.775]
(2,2,2):SHOOT=[-2.746]
(2,3,0):RECHARGE=[-2.778]
(2,3,1):SHOOT=[-2.775]
(2,3,2):SHOOT=[-2.745]
(3,0,0):RECHARGE=[-2.778]
(3,0,1):RECHARGE=[-2.778]
(3,0,2):RECHARGE=[-2.778]
(3,1,0):RECHARGE=[-2.778]
(3,1,1):SHOOT=[-2.778]
(3,1,2):SHOOT=[-2.778]
(3,2,0):RECHARGE=[-2.778]
(3,2,1):SHOOT=[-2.778]
(3,2,2):SHOOT=[-2.778]
(3,3,0):RECHARGE=[-2.778]
(3,3,1):SHOOT=[-2.778]
(3,3,2):SHOOT=[-2.778]
(4,0,0):RECHARGE=[-2.778]
(4,0,1):RECHARGE=[-2.778]
(4,0,2):RECHARGE=[-2.778]
(4,1,0):RECHARGE=[-2.778]
(4,1,1):SHOOT=[-2.778]
(4,1,2):SHOOT=[-2.778]
(4,2,0):RECHARGE=[-2.778]
(4,2,1):SHOOT=[-2.778]
(4,2,2):SHOOT=[-2.778]
(4,3,0):RECHARGE=[-2.778]
(4,3,1):SHOOT=[-2.778]
(4,3,2):SHOOT=[-2.778]
iteration=8
(0,0,0):-1=[0.0]
(0,0,1):-1=[0.0]
(0,0,2):-1=[0.0]
(0,1,0):-1=[0.0]
(0,1,1):-1=[0.0]
(0,1,2):-1=[0.0]
(0,2,0):-1=[0.0]
(0,2,1):-1=[0.0]
(0,2,2):-1=[0.0]
(0,3,0):-1=[0.0]
(0,3,1):-1=[0.0]
(0,3,2):-1=[0.0]
(1,0,0):RECHARGE=[-2.777]
(1,0,1):DODGE=[-2.774]
(1,0,2):DODGE=[-2.736]
(1,1,0):RECHARGE=[-2.725]
(1,1,1):SHOOT=[-2.134]
(1,1,2):SHOOT=[-2.134]
(1,2,0):RECHARGE=[-2.725]
(1,2,1):SHOOT=[-2.131]
(1,2,2):SHOOT=[-2.102]
(1,3,0):RECHARGE=[-2.725]
(1,3,1):SHOOT=[-2.131]
(1,3,2):SHOOT=[-2.102]
(2,0,0):RECHARGE=[-2.778]
(2,0,1):DODGE=[-2.778]
(2,0,2):DODGE=[-2.778]
(2,1,0):RECHARGE=[-2.778]
(2,1,1):SHOOT=[-2.778]
(2,1,2):SHOOT=[-2.778]
(2,2,0):RECHARGE=[-2.778]
(2,2,1):SHOOT=[-2.775]
(2,2,2):SHOOT=[-2.746]
(2,3,0):RECHARGE=[-2.778]
(2,3,1):SHOOT=[-2.775]
(2,3,2):SHOOT=[-2.745]
(3,0,0):RECHARGE=[-2.778]
(3,0,1):RECHARGE=[-2.778]
(3,0,2):RECHARGE=[-2.778]
(3,1,0):RECHARGE=[-2.778]
(3,1,1):SHOOT=[-2.778]
(3,1,2):SHOOT=[-2.778]
(3,2,0):RECHARGE=[-2.778]
(3,2,1):SHOOT=[-2.778]
(3,2,2):SHOOT=[-2.778]
(3,3,0):RECHARGE=[-2.778]
(3,3,1):SHOOT=[-2.778]
(3,3,2):SHOOT=[-2.778]
(4,0,0):RECHARGE=[-2.778]
(4,0,1):RECHARGE=[-2.778]
(4,0,2):RECHARGE=[-2.778]
(4,1,0):RECHARGE=[-2.778]
(4,1,1):SHOOT=[-2.778]
(4,1,2):SHOOT=[-2.778]
(4,2,0):RECHARGE=[-2.778]
(4,2,1):SHOOT=[-2.778]
(4,2,2):SHOOT=[-2.778]
(4,3,0):RECHARGE=[-2.778]
(4,3,1):SHOOT=[-2.778]
(4,3,2):SHOOT=[-2.778]
iteration=9
(0,0,0):-1=[0.0]
(0,0,1):-1=[0.0]
(0,0,2):-1=[0.0]
(0,1,0):-1=[0.0]
(0,1,1):-1=[0.0]
(0,1,2):-1=[0.0]
(0,2,0):-1=[0.0]
(0,2,1):-1=[0.0]
(0,2,2):-1=[0.0]
(0,3,0):-1=[0.0]
(0,3,1):-1=[0.0]
(0,3,2):-1=[0.0]
(1,0,0):RECHARGE=[-2.777]
(1,0,1):DODGE=[-2.774]
(1,0,2):DODGE=[-2.736]
(1,1,0):RECHARGE=[-2.725]
(1,1,1):SHOOT=[-2.134]
(1,1,2):SHOOT=[-2.134]
(1,2,0):RECHARGE=[-2.725]
(1,2,1):SHOOT=[-2.131]
(1,2,2):SHOOT=[-2.102]
(1,3,0):RECHARGE=[-2.725]
(1,3,1):SHOOT=[-2.131]
(1,3,2):SHOOT=[-2.102]
(2,0,0):RECHARGE=[-2.778]
(2,0,1):DODGE=[-2.778]
(2,0,2):DODGE=[-2.778]
(2,1,0):RECHARGE=[-2.778]
(2,1,1):SHOOT=[-2.778]
(2,1,2):SHOOT=[-2.778]
(2,2,0):RECHARGE=[-2.778]
(2,2,1):SHOOT=[-2.775]
(2,2,2):SHOOT=[-2.746]
(2,3,0):RECHARGE=[-2.778]
(2,3,1):SHOOT=[-2.775]
(2,3,2):SHOOT=[-2.745]
(3,0,0):RECHARGE=[-2.778]
(3,0,1):RECHARGE=[-2.778]
(3,0,2):DODGE=[-2.778]
(3,1,0):RECHARGE=[-2.778]
(3,1,1):SHOOT=[-2.778]
(3,1,2):SHOOT=[-2.778]
(3,2,0):RECHARGE=[-2.778]
(3,2,1):SHOOT=[-2.778]
(3,2,2):SHOOT=[-2.778]
(3,3,0):RECHARGE=[-2.778]
(3,3,1):SHOOT=[-2.778]
(3,3,2):SHOOT=[-2.778]
(4,0,0):RECHARGE=[-2.778]
(4,0,1):RECHARGE=[-2.778]
(4,0,2):RECHARGE=[-2.778]
(4,1,0):RECHARGE=[-2.778]
(4,1,1):SHOOT=[-2.778]
(4,1,2):SHOOT=[-2.778]
(4,2,0):RECHARGE=[-2.778]
(4,2,1):SHOOT=[-2.778]
(4,2,2):SHOOT=[-2.778]
(4,3,0):RECHARGE=[-2.778]
(4,3,1):SHOOT=[-2.778]
(4,3,2):SHOOT=[-2.778]
iteration=10
(0,0,0):-1=[0.0]
(0,0,1):-1=[0.0]
(0,0,2):-1=[0.0]
(0,1,0):-1=[0.0]
(0,1,1):-1=[0.0]
(0,1,2):-1=[0.0]
(0,2,0):-1=[0.0]
(0,2,1):-1=[0.0]
(0,2,2):-1=[0.0]
(0,3,0):-1=[0.0]
(0,3,1):-1=[0.0]
(0,3,2):-1=[0.0]
(1,0,0):RECHARGE=[-2.777]
(1,0,1):DODGE=[-2.774]
(1,0,2):DODGE=[-2.736]
(1,1,0):RECHARGE=[-2.725]
(1,1,1):SHOOT=[-2.134]
(1,1,2):SHOOT=[-2.134]
(1,2,0):RECHARGE=[-2.725]
(1,2,1):SHOOT=[-2.131]
(1,2,2):SHOOT=[-2.102]
(1,3,0):RECHARGE=[-2.725]
(1,3,1):SHOOT=[-2.131]
(1,3,2):SHOOT=[-2.102]
(2,0,0):RECHARGE=[-2.778]
(2,0,1):DODGE=[-2.778]
(2,0,2):DODGE=[-2.778]
(2,1,0):RECHARGE=[-2.778]
(2,1,1):SHOOT=[-2.778]
(2,1,2):SHOOT=[-2.778]
(2,2,0):RECHARGE=[-2.778]
(2,2,1):SHOOT=[-2.775]
(2,2,2):SHOOT=[-2.746]
(2,3,0):RECHARGE=[-2.778]
(2,3,1):SHOOT=[-2.775]
(2,3,2):SHOOT=[-2.745]
(3,0,0):RECHARGE=[-2.778]
(3,0,1):DODGE=[-2.778]
(3,0,2):DODGE=[-2.778]
(3,1,0):RECHARGE=[-2.778]
(3,1,1):SHOOT=[-2.778]
(3,1,2):SHOOT=[-2.778]
(3,2,0):RECHARGE=[-2.778]
(3,2,1):SHOOT=[-2.778]
(3,2,2):SHOOT=[-2.778]
(3,3,0):RECHARGE=[-2.778]
(3,3,1):SHOOT=[-2.778]
(3,3,2):SHOOT=[-2.778]
(4,0,0):RECHARGE=[-2.778]
(4,0,1):RECHARGE=[-2.778]
(4,0,2):RECHARGE=[-2.778]
(4,1,0):RECHARGE=[-2.778]
(4,1,1):SHOOT=[-2.778]
(4,1,2):SHOOT=[-2.778]
(4,2,0):RECHARGE=[-2.778]
(4,2,1):SHOOT=[-2.778]
(4,2,2):SHOOT=[-2.778]
(4,3,0):RECHARGE=[-2.778]
(4,3,1):SHOOT=[-2.778]
(4,3,2):SHOOT=[-2.778]
iteration=11
(0,0,0):-1=[0.0]
(0,0,1):-1=[0.0]
(0,0,2):-1=[0.0]
(0,1,0):-1=[0.0]
(0,1,1):-1=[0.0]
(0,1,2):-1=[0.0]
(0,2,0):-1=[0.0]
(0,2,1):-1=[0.0]
(0,2,2):-1=[0.0]
(0,3,0):-1=[0.0]
(0,3,1):-1=[0.0]
(0,3,2):-1=[0.0]
(1,0,0):RECHARGE=[-2.777]
(1,0,1):DODGE=[-2.774]
(1,0,2):DODGE=[-2.736]
(1,1,0):RECHARGE=[-2.725]
(1,1,1):SHOOT=[-2.134]
(1,1,2):SHOOT=[-2.134]
(1,2,0):RECHARGE=[-2.725]
(1,2,1):SHOOT=[-2.131]
(1,2,2):SHOOT=[-2.102]
(1,3,0):RECHARGE=[-2.725]
(1,3,1):SHOOT=[-2.131]
(1,3,2):SHOOT=[-2.102]
(2,0,0):RECHARGE=[-2.778]
(2,0,1):DODGE=[-2.778]
(2,0,2):DODGE=[-2.778]
(2,1,0):RECHARGE=[-2.778]
(2,1,1):SHOOT=[-2.778]
(2,1,2):SHOOT=[-2.778]
(2,2,0):RECHARGE=[-2.778]
(2,2,1):SHOOT=[-2.775]
(2,2,2):SHOOT=[-2.746]
(2,3,0):RECHARGE=[-2.778]
(2,3,1):SHOOT=[-2.775]
(2,3,2):SHOOT=[-2.745]
(3,0,0):RECHARGE=[-2.778]
(3,0,1):DODGE=[-2.778]
(3,0,2):DODGE=[-2.778]
(3,1,0):RECHARGE=[-2.778]
(3,1,1):SHOOT=[-2.778]
(3,1,2):SHOOT=[-2.778]
(3,2,0):RECHARGE=[-2.778]
(3,2,1):SHOOT=[-2.778]
(3,2,2):SHOOT=[-2.778]
(3,3,0):RECHARGE=[-2.778]
(3,3,1):SHOOT=[-2.778]
(3,3,2):SHOOT=[-2.778]
(4,0,0):RECHARGE=[-2.778]
(4,0,1):RECHARGE=[-2.778]
(4,0,2):RECHARGE=[-2.778]
(4,1,0):RECHARGE=[-2.778]
(4,1,1):SHOOT=[-2.778]
(4,1,2):SHOOT=[-2.778]
(4,2,0):RECHARGE=[-2.778]
(4,2,1):SHOOT=[-2.778]
(4,2,2):SHOOT=[-2.778]
(4,3,0):RECHARGE=[-2.778]
(4,3,1):SHOOT=[-2.778]
(4,3,2):SHOOT=[-2.778]
